2.740086 0.0000
101.304986 0.0037
250.552814 0.0073
397.985166 0.0110
529.715759 0.0147
640.906687 0.0184
727.866218 0.0220
792.422962 0.0257
838.576774 0.0294
872.043793 0.0331
897.380346 0.0367
917.449248 0.0404
934.024895 0.0441
948.022195 0.0478
960.053292 0.0514
970.553136 0.0551
979.676760 0.0588
987.762496 0.0624
994.749820 0.0661
1000.953022 0.0698
1006.416094 0.0735
1011.282507 0.0771
1015.582966 0.0808
1019.229822 0.0845
1022.508287 0.0882
1025.466114 0.0918
1028.046022 0.0955
1030.259416 0.0992
1032.238708 0.1029
1033.972536 0.1065
1035.450808 0.1102
1036.845251 0.1139
1038.026380 0.1176
1039.012527 0.1212
1039.943657 0.1249
1040.659400 0.1286
1041.196038 0.1322
1041.665907 0.1359
1041.903523 0.1396
1041.926251 0.1433
1041.665716 0.1469
1041.010731 0.1506
1039.863481 0.1543
1037.923195 0.1580
1034.839752 0.1616
1030.198446 0.1653
1023.467349 0.1690
1013.969549 0.1727
1000.924669 0.1763
982.919860 0.1800
